cratedigger dev shell — run: python3 -m unittest discover -s tests -t . -v
paired tracks per variant (44.1k/16 albums only):
  aacffm-128        197 tracks, 17 albums
  aacffm-192        197 tracks, 17 albums
  aacffm-256        197 tracks, 17 albums
  aacffm-320        197 tracks, 17 albums
  ffmpeg-q0          30 tracks,  3 albums
  lame-cbr128       197 tracks, 17 albums
  lame-cbr192       197 tracks, 17 albums
  lame-cbr256       197 tracks, 17 albums
  lame-cbr320       197 tracks, 17 albums
  lame-v0           197 tracks, 17 albums
  lame-v2           197 tracks, 17 albums
  null-flac         197 tracks, 17 albums
  opus-128           30 tracks,  3 albums
  opus-192          197 tracks, 17 albums
  opus-256          197 tracks, 17 albums
  opus-96           197 tracks, 17 albums
  qaac-abr192       197 tracks, 17 albums
  qaac-cbr128       197 tracks, 17 albums
  qaac-cvbr256      197 tracks, 17 albums
  qaac-cvbr320      197 tracks, 17 albums
  qaac-tvbr91       197 tracks, 17 albums
  vorbis-q10        197 tracks, 17 albums
  vorbis-q4         197 tracks, 17 albums
  vorbis-q5         197 tracks, 17 albums
  vorbis-q6         197 tracks, 17 albums
  vorbis-q7         197 tracks, 17 albums
  vorbis-q8         197 tracks, 17 albums
  wma-128           197 tracks, 17 albums
  wma-192           197 tracks, 17 albums
  wma-320           197 tracks, 17 albums

### TRANSPARENT / escape class :: A. paired delta of n[k] = slice-ref   (dB, launder - genuine, MEDIAN over tracks)
variant        n      12.0   12.5   13.0   13.5   14.0   14.5   15.0   15.5   16.0   16.5   17.0   17.5   18.0   18.5   19.0   19.5   20.0   20.5   21.0   21.5
lame-v0         197   0.02   0.04   0.04   0.03   0.04   0.06   0.06   0.06  -0.00  -0.00  -0.06  -0.10  -0.34  -0.56  -0.83  -1.47  -2.02  -2.50  -3.52  -4.61
aacffm-256      197  -0.08  -0.07  -0.07  -0.08  -0.05  -0.05  -0.03  -0.07  -0.02  -0.02  -0.03   0.01   0.00   0.01   0.02   0.01   0.02   0.03   0.03   0.08
aacffm-320      197  -0.15  -0.14  -0.14  -0.15  -0.15  -0.11  -0.10  -0.12  -0.13  -0.12  -0.13  -0.10  -0.12  -0.11  -0.09  -0.07  -0.04   0.01   0.02   0.02
vorbis-q10      197  -0.02  -0.03  -0.03  -0.03  -0.04  -0.04  -0.04  -0.04  -0.05  -0.05  -0.04  -0.04  -0.03   0.00   0.04   0.06   0.02  -0.19  -1.19  -2.52
vorbis-q8       197  -0.15  -0.14  -0.16  -0.16  -0.15  -0.11  -0.12  -0.09  -0.08  -0.03  -0.05  -0.10  -0.15  -0.14  -0.75  -2.60  -5.14  -3.55  -4.06  -6.02
vorbis-q7       197  -0.07  -0.06  -0.04  -0.02  -0.01   0.01   0.01   0.01   0.03   0.07   0.01  -0.02  -0.07  -0.20  -1.56  -3.66  -6.05  -3.92  -4.76  -6.27
vorbis-q6       197  -0.02   0.00   0.02   0.01   0.03   0.04   0.04   0.05   0.06   0.10   0.03  -0.02  -0.12  -0.30  -2.09  -5.09  -7.44  -5.64  -5.67  -6.98
qaac-cvbr256    197  -0.12  -0.13  -0.14  -0.14  -0.14  -0.13  -0.14  -0.13  -0.14  -0.14  -0.15  -0.14  -0.15  -0.14  -0.13  -0.13  -0.19  -0.17  -0.15  -0.16
qaac-cvbr320    197  -0.09  -0.10  -0.11  -0.11  -0.11  -0.11  -0.12  -0.11  -0.12  -0.12  -0.13  -0.13  -0.13  -0.13  -0.14  -0.13  -0.19  -0.18  -0.17  -0.17
qaac-tvbr91     197  -0.12  -0.12  -0.14  -0.12  -0.10  -0.11  -0.11  -0.09  -0.09  -0.10  -0.11  -0.14  -0.14  -0.23  -3.52 -23.26 -25.55 -21.84 -19.01 -15.13
null-flac       197   0.00   0.00   0.00   0.00   0.00   0.00   0.00   0.00   0.00   0.00   0.00   0.00   0.00   0.00   0.00   0.00   0.00   0.00   0.00   0.00

### TRANSPARENT / escape class :: B. paired delta of s[k] = n[k]-n[12k] (dB, PURE SHAPE, launder - genuine, MEDIAN)
variant        n      12.0   12.5   13.0   13.5   14.0   14.5   15.0   15.5   16.0   16.5   17.0   17.5   18.0   18.5   19.0   19.5   20.0   20.5   21.0   21.5
lame-v0         197   0.00   0.00   0.00   0.00   0.01   0.03   0.02   0.02  -0.07  -0.04  -0.13  -0.16  -0.37  -0.56  -0.89  -1.51  -2.09  -2.50  -3.52  -4.75
aacffm-256      197   0.00   0.00   0.01   0.00   0.00   0.02   0.02   0.01   0.02   0.00   0.00   0.01   0.02   0.03   0.05   0.03   0.04   0.11   0.12   0.24
aacffm-320      197   0.00  -0.00  -0.00  -0.00  -0.01   0.00   0.00   0.01   0.00  -0.00  -0.01   0.00   0.00   0.01   0.02   0.02   0.04   0.11   0.12   0.18
vorbis-q10      197   0.00   0.00   0.00  -0.00  -0.01  -0.01  -0.01  -0.02  -0.02  -0.02  -0.01  -0.01   0.00   0.01   0.06   0.08   0.04  -0.16  -1.19  -2.50
vorbis-q8       197   0.00   0.00  -0.00  -0.01   0.00   0.01   0.00   0.04   0.05   0.09   0.08   0.03   0.00   0.00  -0.66  -2.46  -5.05  -3.52  -3.92  -5.84
vorbis-q7       197   0.00   0.00   0.01   0.01   0.04   0.09   0.10   0.07   0.14   0.17   0.11   0.04  -0.01  -0.11  -1.33  -3.65  -6.02  -3.88  -4.73  -6.31
vorbis-q6       197   0.00   0.00   0.01   0.02   0.05   0.09   0.08   0.07   0.12   0.14   0.05  -0.01  -0.10  -0.28  -2.01  -5.09  -7.65  -5.58  -5.59  -6.97
qaac-cvbr256    197   0.00  -0.01  -0.01  -0.01  -0.01  -0.01  -0.01  -0.01  -0.02  -0.02  -0.02  -0.01  -0.02  -0.01  -0.01  -0.00  -0.07  -0.05  -0.04  -0.04
qaac-cvbr320    197   0.00  -0.00  -0.01  -0.02  -0.01  -0.02  -0.02  -0.02  -0.02  -0.02  -0.03  -0.04  -0.03  -0.04  -0.04  -0.04  -0.09  -0.08  -0.08  -0.08
qaac-tvbr91     197   0.00   0.00  -0.01   0.00   0.01   0.00   0.00   0.03   0.02   0.02   0.01  -0.01  -0.01  -0.08  -3.40 -23.12 -25.40 -21.72 -18.71 -15.05
null-flac       197   0.00   0.00   0.00   0.00   0.00   0.00   0.00   0.00   0.00   0.00   0.00   0.00   0.00   0.00   0.00   0.00   0.00   0.00   0.00   0.00

### caught-by-gate reference :: A. paired delta of n[k] = slice-ref   (dB, launder - genuine, MEDIAN over tracks)
variant        n      12.0   12.5   13.0   13.5   14.0   14.5   15.0   15.5   16.0   16.5   17.0   17.5   18.0   18.5   19.0   19.5   20.0   20.5   21.0   21.5
lame-cbr320     197   0.03   0.04   0.03   0.03   0.04   0.06   0.06   0.05   0.04   0.01   0.02   0.03   0.00   0.00   0.00  -0.47 -11.56 -24.93 -20.51 -16.39
vorbis-q5       197   0.10   0.13   0.11   0.11   0.15   0.15   0.14   0.14   0.20   0.15   0.01  -0.19  -0.60  -1.73  -4.74  -9.36 -11.39 -12.63 -17.17 -13.77
aacffm-192      197   0.04   0.05   0.03   0.05   0.04   0.05   0.04   0.03   0.05   0.04   0.06   0.11   0.08   0.07  -1.68 -24.14 -26.05 -22.90 -19.50 -15.42
opus-256        197  -0.17  -0.16  -0.17  -0.17  -0.17  -0.16  -0.17  -0.17  -0.15  -0.16  -0.16  -0.17  -0.17  -0.18  -0.27  -0.76 -10.65 -23.01 -19.84 -17.01

### caught-by-gate reference :: B. paired delta of s[k] = n[k]-n[12k] (dB, PURE SHAPE, launder - genuine, MEDIAN)
variant        n      12.0   12.5   13.0   13.5   14.0   14.5   15.0   15.5   16.0   16.5   17.0   17.5   18.0   18.5   19.0   19.5   20.0   20.5   21.0   21.5
lame-cbr320     197   0.00   0.00   0.00   0.00   0.00   0.02   0.01   0.01   0.00   0.00   0.00   0.00   0.00   0.00  -0.01  -0.52 -11.62 -24.92 -20.55 -16.43
vorbis-q5       197   0.00   0.00   0.00   0.00   0.02   0.03   0.02   0.01   0.02   0.03  -0.09  -0.28  -0.61  -1.87  -5.10  -9.56 -11.54 -12.71 -17.37 -13.69
aacffm-192      197   0.00   0.00   0.00   0.00   0.00   0.00   0.00   0.00   0.01   0.00   0.03   0.05   0.03   0.01  -1.78 -24.35 -26.08 -22.92 -19.52 -15.63
opus-256        197   0.00   0.00  -0.00  -0.00  -0.01   0.00   0.00  -0.01   0.01   0.00   0.00   0.00  -0.00  -0.01  -0.09  -0.60 -10.48 -22.89 -19.68 -16.88

