cratedigger dev shell — run: python3 -m unittest discover -s tests -t . -v
genuine reference corpus (deduped, 96k/24 excluded): 137
Counter({'ARM': 100, 'APPB': 20, 'MTX': 17})

=== AUC (launder vs genuine, twin-excluded). 0.5 = no signal. >0.5 = launder MORE dispersed.
statistic                lame-v0  aacffm-2 aacffm-3 vorbis-q vorbis-q vorbis-q vorbis-q qaac-cvb qaac-cvb t-apple2 lame-cbr t-mp3128 t-vorbis lame-v0  vorbis-q vorbis-q apple-cv
U_sd                     0.636    0.578    0.559    0.587    0.640    0.647    0.651    0.555    0.561    0.573    0.554    0.717    0.635    0.640    0.663    0.615    0.519   
U_iqr                    0.590    0.569    0.551    0.519    0.557    0.577    0.585    0.498    0.504    0.573    0.562    0.650    0.592    0.628    0.634    0.581    0.530   
U_mad                    0.595    0.513    0.512    0.525    0.600    0.593    0.608    0.477    0.489    0.549    0.593    0.642    0.588    0.630    0.648    0.592    0.528   
U_rng                    0.619    0.529    0.517    0.574    0.619    0.622    0.641    0.544    0.551    0.596    0.522    0.705    0.619    0.622    0.644    0.607    0.529   
d18_195_sd               0.655    0.535    0.542    0.568    0.670    0.672    0.691    0.621    0.626    0.587    0.506    0.679    0.718    0.622    0.632    0.541    0.534   
d16_18_sd                0.634    0.506    0.509    0.506    0.538    0.545    0.565    0.530    0.539    0.545    0.478    0.561    0.561    0.618    0.522    0.491    0.489   
d12_14_sd                0.511    0.511    0.513    0.513    0.511    0.510    0.511    0.513    0.510    0.525    0.526    0.507    0.494    0.492    0.493    0.493    0.464   
drop_hi_sd               0.653    0.504    0.487    0.574    0.762    0.756    0.780    0.519    0.506    0.530    0.023    0.058    0.897    0.692    0.762    0.689    0.532   
hfdef_sd                 0.651    0.532    0.537    0.555    0.651    0.649    0.671    0.605    0.608    0.578    0.503    0.675    0.691    0.621    0.608    0.529    0.527   
ref_sd                   0.607    0.602    0.602    0.606    0.603    0.603    0.603    0.606    0.606    0.483    0.608    0.506    0.505    0.506    0.506    0.506    0.507   
shape_mpd_ul             0.648    0.563    0.547    0.622    0.679    0.684    0.689    0.570    0.563    0.577    0.525    0.673    0.769    0.681    0.712    0.649    0.538   
shape_mpd_hi             0.670    0.546    0.542    0.590    0.693    0.701    0.715    0.594    0.596    0.582    0.494    0.650    0.778    0.668    0.692    0.601    0.539   
shape_mpd_all            0.622    0.524    0.525    0.543    0.608    0.611    0.620    0.553    0.556    0.555    0.602    0.674    0.651    0.601    0.586    0.539    0.503   
shape_mpd_lo             0.538    0.526    0.527    0.526    0.526    0.524    0.524    0.533    0.526    0.530    0.570    0.542    0.496    0.505    0.493    0.495    0.475   
shapec_mpd_ul            0.608    0.490    0.468    0.633    0.711    0.716    0.718    0.516    0.510    0.543    0.110    0.121    0.823    0.695    0.760    0.721    0.564   
shapec_mpd_hi            0.651    0.492    0.471    0.585    0.786    0.795    0.818    0.520    0.506    0.544    0.036    0.068    0.932    0.713    0.809    0.722    0.562   
shapec_mpd_all           0.701    0.510    0.504    0.543    0.686    0.699    0.721    0.544    0.536    0.536    0.812    0.894    0.850    0.691    0.699    0.599    0.519   
shape_sdmean_ul          0.640    0.560    0.543    0.616    0.667    0.673    0.675    0.561    0.557    0.573    0.533    0.704    0.740    0.661    0.693    0.626    0.525   
shape_sdmean_hi          0.651    0.549    0.546    0.590    0.674    0.678    0.692    0.592    0.592    0.583    0.516    0.688    0.740    0.646    0.659    0.584    0.529   
k4_U_sd                  0.636    0.590    0.570    0.601    0.646    0.664    0.665    0.569    0.569    0.577    0.559    0.712    0.634    0.647    0.666    0.618    0.511   
k4_shape_mpd_ul          0.646    0.573    0.561    0.633    0.689    0.694    0.698    0.579    0.563    0.582    0.525    0.672    0.771    0.683    0.717    0.650    0.529   
k4_shape_mpd_hi          0.669    0.556    0.553    0.599    0.697    0.706    0.721    0.607    0.599    0.586    0.491    0.647    0.780    0.671    0.696    0.599    0.532   
k4_d18_195_sd            0.666    0.543    0.550    0.574    0.677    0.680    0.703    0.631    0.625    0.591    0.508    0.668    0.720    0.627    0.637    0.541    0.525   
k4_drop_hi_sd            0.655    0.505    0.487    0.582    0.767    0.764    0.781    0.512    0.508    0.526    0.018    0.037    0.895    0.697    0.769    0.696    0.546   
k8_U_sd                  0.714    0.610    0.602    0.654    0.716    0.728    0.731    0.607    0.612    0.584    0.606    0.712    0.623    0.628    0.678    0.628    0.543   
k8_shape_mpd_ul          0.717    0.589    0.583    0.667    0.761    0.782    0.780    0.606    0.601    0.593    0.577    0.664    0.772    0.667    0.733    0.668    0.556   
rat_U_over_d12_14        0.626    0.560    0.543    0.597    0.633    0.631    0.641    0.560    0.564    0.559    0.523    0.683    0.634    0.644    0.662    0.634    0.582   
rat_U_over_d16_18        0.488    0.596    0.563    0.618    0.641    0.625    0.624    0.545    0.555    0.538    0.602    0.756    0.575    0.515    0.660    0.673    0.572   
rat_U_over_d18_195       0.472    0.614    0.587    0.655    0.476    0.471    0.441    0.457    0.462    0.489    0.613    0.581    0.356    0.492    0.528    0.647    0.492   
rat_mpdul_over_mpdlo     0.644    0.548    0.530    0.628    0.683    0.680    0.691    0.571    0.563    0.579    0.469    0.634    0.782    0.688    0.744    0.694    0.597   
rat_mpdhi_over_mpdlo     0.663    0.543    0.534    0.606    0.731    0.733    0.749    0.594    0.593    0.573    0.436    0.615    0.827    0.698    0.749    0.655    0.596   
rat_drophi_over_d12_14   0.637    0.487    0.467    0.545    0.740    0.738    0.752    0.507    0.500    0.503    0.018    0.078    0.871    0.680    0.739    0.673    0.579   
dif_U_minus_d12_14       0.636    0.552    0.538    0.605    0.647    0.642    0.656    0.560    0.566    0.564    0.516    0.687    0.639    0.646    0.667    0.636    0.575   
dif_U_minus_d18_195      0.420    0.594    0.563    0.634    0.481    0.458    0.423    0.458    0.463    0.494    0.600    0.580    0.326    0.479    0.521    0.641    0.491   
dif_mpdul_minus_mpdlo    0.638    0.531    0.513    0.614    0.679    0.672    0.680    0.548    0.549    0.576    0.460    0.643    0.802    0.692    0.749    0.699    0.588   

=== ranked by mean AUC over the escape class
k8_shape_mpd_ul          meanAUC_escape=0.668
k8_U_sd                  meanAUC_escape=0.656
rat_mpdhi_over_mpdlo     meanAUC_escape=0.632
k4_shape_mpd_hi          meanAUC_escape=0.629
k4_d18_195_sd            meanAUC_escape=0.624
shape_mpd_hi             meanAUC_escape=0.623
k4_shape_mpd_ul          meanAUC_escape=0.622
shapec_mpd_hi            meanAUC_escape=0.617
d18_195_sd               meanAUC_escape=0.617
shape_sdmean_hi          meanAUC_escape=0.615
shape_mpd_ul             meanAUC_escape=0.614
rat_mpdul_over_mpdlo     meanAUC_escape=0.612
k4_drop_hi_sd            meanAUC_escape=0.609
k4_U_sd                  meanAUC_escape=0.609
drop_hi_sd               meanAUC_escape=0.607
shape_sdmean_ul          meanAUC_escape=0.606
hfdef_sd                 meanAUC_escape=0.604
dif_mpdul_minus_mpdlo    meanAUC_escape=0.600
U_sd                     meanAUC_escape=0.599
shapec_mpd_all           meanAUC_escape=0.598
dif_U_minus_d12_14       meanAUC_escape=0.597
ref_sd                   meanAUC_escape=0.592
rat_U_over_d12_14        meanAUC_escape=0.591
shapec_mpd_ul            meanAUC_escape=0.591
rat_drophi_over_d12_14   meanAUC_escape=0.587
U_rng                    meanAUC_escape=0.581
rat_U_over_d16_18        meanAUC_escape=0.579
shape_mpd_all            meanAUC_escape=0.572
U_iqr                    meanAUC_escape=0.552
U_mad                    meanAUC_escape=0.546
d16_18_sd                meanAUC_escape=0.542
shape_mpd_lo             meanAUC_escape=0.528
d12_14_sd                meanAUC_escape=0.513
rat_U_over_d18_195       meanAUC_escape=0.512
dif_U_minus_d18_195      meanAUC_escape=0.499
