cratedigger dev shell — run: python3 -m unittest discover -s tests -t . -v

=========== TRACK proba ===========
variant                             n       min       q05       q25       med       q75       max
GENUINE control (17 alb)          197    0.0155    0.0164    0.0173    0.0180    0.0189    0.1082
aacffm-256                        197    0.0161    0.0171    0.0180    0.0192    0.0216    0.2608
aacffm-320                        197    0.0161    0.0169    0.0179    0.0189    0.0211    0.2019
aacffm-192                        197    0.0164    0.0184    0.0206    0.0221    0.0246    0.2086
aacffm-128                        197    0.0189    0.0252    0.0409    0.0517    0.0577    0.4075
qaac-cvbr256                      197    0.0194    0.0488    0.0993    0.1214    0.1403    0.2207
qaac-cvbr320                      197    0.0243    0.0404    0.0598    0.0768    0.0882    0.1335
qaac-tvbr91                       197    0.0172    0.0287    0.1514    0.1787    0.2054    0.3001
qaac-abr192                       197    0.0180    0.0334    0.1406    0.1852    0.2152    0.3288
qaac-cbr128                       197    0.0173    0.0314    0.1602    0.2396    0.2695    0.4627
gt-arm Apple CVBR256 (15 alb)     182    0.0194    0.0449    0.0970    0.1198    0.1393    0.2207
lame-v0 (non-AAC)                 197    0.0165    0.0175    0.0187    0.0203    0.0251    0.0986
vorbis-q10 (non-AAC)              197    0.0159    0.0171    0.0180    0.0187    0.0194    0.1070
opus-256 (non-AAC)                197    0.0161    0.0180    0.0225    0.0276    0.0312    0.1334

=========== TRACK z ===========
variant                             n       min       q05       q25       med       q75       max
GENUINE control (17 alb)          197    2.4390    3.8160    4.1690    4.4880    4.9140    6.9140
aacffm-256                        197    2.8010    3.8070    4.3180    5.0370    6.3920   20.3750
aacffm-320                        197    3.5530    3.7550    4.1880    4.9590    6.5250   21.8420
aacffm-192                        197    2.7490    3.0890    3.4150    4.1610    5.1760   23.8680
aacffm-128                        197    2.4880    2.8210    3.1740    3.6700    4.4600   16.6970
qaac-cvbr256                      197    3.6260   13.0190   25.7950   28.7050   29.6320   31.1340
qaac-cvbr320                      197    2.8070   14.5640   21.0180   24.9790   26.6600   29.7910
qaac-tvbr91                       197    3.3600    9.0700   26.8080   29.7860   30.5060   31.4690
qaac-abr192                       197    4.0270   10.5000   25.9370   29.5600   30.5370   31.5230
qaac-cbr128                       197    3.5260    5.9180   18.5040   26.2100   29.0710   31.2300
gt-arm Apple CVBR256 (15 alb)     182    3.6260   12.9120   24.8380   28.5980   29.5610   31.1340
lame-v0 (non-AAC)                 197    2.7980    3.4400    3.9940    4.4940    5.0340    7.5730
vorbis-q10 (non-AAC)              197    2.4310    3.5940    3.9210    4.2910    4.7370    6.3230
opus-256 (non-AAC)                197    2.4220    3.6180    4.1510    4.5800    5.2490    7.3890

--- genuine per-album max, 17 albums ---
alb      n  max proba    max z   max p*z
8916    13     0.0209    6.303    0.1319
8917    12     0.0252    5.783    0.1460
8918    10     0.1082    5.539    0.2638
8919    12     0.1046    4.804    0.4197
8921    15     0.0216    6.471    0.1397
8922    10     0.0216    6.208    0.1340
8923    12     0.0225    6.766    0.1521
8924     4     0.0187    5.168    0.0965
8925    32     0.0207    6.642    0.1374
8926     5     0.0194    5.983    0.1161
8928    10     0.0197    5.279    0.1042
8929    11     0.0225    6.656    0.1496
8930    11     0.0228    6.914    0.1579
8932    11     0.0216    6.282    0.1356
8933     8     0.0180    4.975    0.0894
8934    17     0.0208    6.512    0.1357
8935     4     0.0169    4.576    0.0774
POOLED genuine n=197  max proba=0.1082 max z=6.914  max p*z=0.4197
