cratedigger dev shell — run: python3 -m unittest discover -s tests -t . -v
variant               kbps    n  d18_195   d16_18   hfdef   rel18  edge_med cliff_med cliff_frac
opus-32                 32  100     43.4     43.3    43.3    -6.6     19500     22050       0.00
opus-48                 48  100     43.6     43.4    43.5    -7.0     19500     22050       0.00
opus-64                 64  100     44.0     43.3    43.8    -7.5     19500     22050       0.00
opus-96                 96  100     44.2     42.8    44.0    -8.2     19500     22050       0.00
t-opus96-flac           96  100     44.7     43.2    44.5    -8.8     19500     22050       0.00
opus-128               128  100     45.1     43.0    44.7    -9.1     19500     22050       0.00
opus-256               256  100     46.6     43.3    46.1   -10.1     19500     22050       0.00
opus-192               192  100     46.6     43.3    46.1   -10.1     19500     22050       0.00
control-flac1644     10000  100     46.8     43.5    46.3   -10.9     19500     22050       0.00
aacffm-256             256  100     47.1     43.7    46.6   -10.9     19500     22050       0.00
vorbis-q9              320  100     47.1     43.7    46.7   -11.2     19500     22050       0.00
aacffm-320             320  100     47.2     43.8    46.7   -11.0     19500     22050       0.00
lame-cbr320            320  100     47.3     43.4    46.7   -11.2     19500     22050       0.00
apple-cvbr256          256  100     47.3     43.8    46.9   -11.1     19500     22050       0.00
fdk-he1-64              64  100     48.1     44.8    47.9   -11.2     19500     22050       0.00
lame-v0                245  100     48.7     44.5    48.0   -12.7     19500     22050       0.00
vorbis-q6              192  100     49.4     43.8    48.4   -14.0     19500     22050       0.00
vorbis-q5              160  100     51.3     44.1    50.1   -16.0     19500     18500       0.09
t-vorbisq5-flac        160  100     52.6     44.1    50.8   -16.5     19500     18500       0.09
aacffm-192             192  100     54.7     43.6    52.2   -19.2     19000     22050       0.00
fdk-vbr5               192  100     55.8     43.9    53.2   -20.3     19000     22050       0.00
lame-cbr256            256  100     56.2     44.2    53.8   -20.5     19000     22050       0.00
apple-abr192           192  100     56.6     44.4    53.7   -20.5     19000     18500       0.18
apple-tvbr91           256  100     56.7     44.5    53.8   -20.4     19000     18500       0.17
lame-cbr224            224  100     57.0     44.8    54.4   -21.3     19000     18500       0.08
vorbis-q4              128  100     60.9     45.4    58.1   -26.1     18500     18500       0.62
opus-12                 12  100     61.2     63.5    61.3    10.7     19500     22050       0.00
lame-cbr192            192  100     70.3     45.7    64.8   -36.0     18375     18000       0.89
t-mp3192-mp3320        192  100     70.3     46.0    64.9   -35.9     18000     18000       0.86
lame-v2                190  100     70.5     47.7    65.6   -35.2     18000     18000       0.83
vorbis-q0               64  100     72.7     72.4    72.6   -37.1     15000     14500       0.62
fdk-he2-32              32  100     72.9     72.0    72.8   -34.8     16000     15500       0.30
vorbis-q2               96  100     73.4     68.0    73.3   -37.5     16500     16000       1.00
aacffm-96               96  100     73.4     70.3    73.3   -37.8     15750     15500       0.80
vorbis-q-1              45  100     73.6     51.6    72.0   -38.0     17000     17000       0.77
vorbis-q3              112  100     73.6     51.6    72.0   -38.0     17000     17000       0.77
apple-cbr128           128  100     73.8     56.7    72.5   -38.3     17000     16625       0.85
fdk-cbr96               96  100     73.9     73.5    73.8   -37.3     14000     14000       0.50
aacffm-128             128  100     74.1     58.6    74.1   -39.3     17000     17000       0.25
fdk-vbr3               128  100     74.1     73.6    74.0   -38.1     15500     15500       0.54
fdk-cbr192             192  100     74.3     61.2    74.1   -39.2     16875     16500       0.97
fdk-cbr128             128  100     74.3     73.8    74.3   -38.9     15500     15000       1.00
fdk-cbr256             256  100     74.9     61.7    74.9   -40.0     17000     16500       1.00
fdk-cbr320             320  100     75.3     61.8    75.1   -40.2     17000     16500       1.00
t-mp3128-aac256        128  100     75.5     71.1    75.3   -41.9     16000     15875       0.97
lame-v6                115  100     75.8     71.6    75.7   -37.9     16000     15500       0.87
t-aac128-mp3320        128  100     76.1     59.4    76.1   -40.8     17000     17000       0.23
lame-cbr64              64  100     76.7     76.5    76.7    -2.4     19500     22050       0.00
lame-v4                165  100     76.9     64.5    76.8   -40.5     16750     16500       0.60
lame-cbr96              96  100     76.9     76.8    76.9   -39.7     15000     14500       0.77
lame-cbr128            128  100     77.4     72.5    77.3   -42.0     16000     15875       1.00
lame-cbr160            160  100     77.4     61.4    77.4   -43.3     17000     16500       0.55
t-mp3128-flac          128  100     77.6     72.6    77.6   -42.6     16000     15750       1.00
